{
 "cells": [
  {
   "cell_type": "code",
   "execution_count": null,
   "id": "e8e6588e",
   "metadata": {},
   "outputs": [],
   "source": [
    "import osmnx as ox\n",
    "import networkx as nx\n",
    "from scipy.spatial.distance import pdist\n",
    "from scipy.spatial.distance import squareform \n",
    "import matplotlib.pyplot as plt\n",
    "import numpy as np\n",
    "from math import sin, cos, sqrt, atan2, radians\n",
    "import pandas as pd\n",
    "import sys\n",
    "ox.config(use_cache=True, log_console=True)"
   ]
  },
  {
   "cell_type": "markdown",
   "id": "501dc111",
   "metadata": {},
   "source": [
    "# 1. Data Pre-processing"
   ]
  },
  {
   "cell_type": "markdown",
   "id": "37e7d3c0",
   "metadata": {},
   "source": [
    "## (1) Get the transportation network for East district, Hsinchu City"
   ]
  },
  {
   "cell_type": "code",
   "execution_count": null,
   "id": "eaebbe83",
   "metadata": {},
   "outputs": [],
   "source": [
    "G = ox. graph_from_place(\"East District, Hsinchu, Taiwan\", network_type=\"drive\", custom_filter = '[\"highway\"]', simplify=True)\n",
    "East = ox. project_graph (G)"
   ]
  },
  {
   "cell_type": "markdown",
   "id": "36c60c86",
   "metadata": {},
   "source": [
    "## (2) Get the smaller transportation network for East district, Hsinchu City\n",
    "### In this way, we can specify the nodes that represent each village in East district, Hsinchu City."
   ]
  },
  {
   "cell_type": "code",
   "execution_count": null,
   "id": "eda39429",
   "metadata": {},
   "outputs": [],
   "source": [
    "G = ox. graph_from_place(\"East District, Hsinchu, Taiwan\", network_type=\"drive\", custom_filter = '[\"highway\"~\"motorway\"]', simplify=True)\n",
    "East_highway_motorway = ox. project_graph (G)"
   ]
  },
  {
   "cell_type": "code",
   "execution_count": null,
   "id": "a6413024",
   "metadata": {},
   "outputs": [],
   "source": [
    "East_highway_motorway.nodes"
   ]
  },
  {
   "cell_type": "code",
   "execution_count": null,
   "id": "bbabea83",
   "metadata": {},
   "outputs": [],
   "source": [
    "color_map = []\n",
    "for i in East_highway_motorway.nodes(data=True):\n",
    "    node=i[0]\n",
    "    if node==1714279084:\n",
    "        color_map.append('red')\n",
    "    elif node==1714279107:\n",
    "        color_map.append('orange')\n",
    "    elif node==311080367:\n",
    "        color_map.append('yellow')\n",
    "    elif node==4461257003:\n",
    "        color_map.append('violet')\n",
    "    elif node==311080358:\n",
    "        color_map.append('aqua') \n",
    "    elif node==338641979:\n",
    "        color_map.append('darkblue')\n",
    "    elif node==338641976:\n",
    "        color_map.append('darkblue')\n",
    "    elif node==1726059983:\n",
    "        color_map.append('darkblue')\n",
    "    elif node==338641974:\n",
    "        color_map.append('darkblue')\n",
    "    elif node==1726059979:\n",
    "        color_map.append('purple')\n",
    "    elif node==311080356:\n",
    "        color_map.append('purple')\n",
    "    elif node==311080358:\n",
    "        color_map.append('purple')\n",
    "    elif node==311080367:\n",
    "        color_map.append('purple')\n",
    "    elif node==1983162853:\n",
    "        color_map.append('purple')\n",
    "    elif node==311080350:\n",
    "        color_map.append('chocolate')\n",
    "    elif node==313164209:\n",
    "        color_map.append('lightgreen')\n",
    "    elif node==313164197:\n",
    "        color_map.append('gray')\n",
    "    elif node==1168830664:\n",
    "        color_map.append('gray')\n",
    "    elif node==413339632:\n",
    "        color_map.append('gray')\n",
    "    elif node==413339633:\n",
    "        color_map.append('gray')\n",
    "    elif node==1747620923:\n",
    "        color_map.append('gray')\n",
    "    elif node==1747621005:\n",
    "        color_map.append('gray')\n",
    "    elif node==4461256994:\n",
    "        color_map.append('gray')\n",
    "    elif node==4461257003:\n",
    "        color_map.append('gray')\n",
    "    elif node==1747620937:\n",
    "        color_map.append('gray')\n",
    "    elif node==1747621080:\n",
    "        color_map.append('gray')\n",
    "    elif node==1747620937:\n",
    "        color_map.append('gray')\n",
    "    elif node==1747621036:\n",
    "        color_map.append('gray')\n",
    "    elif node==3340976219:\n",
    "        color_map.append('gray')\n",
    "    elif node==4461256993:\n",
    "        color_map.append('gray')\n",
    "    elif node==314947099:\n",
    "        color_map.append('pink')\n",
    "    elif node==1978206324:\n",
    "        color_map.append('brown')\n",
    "    elif node==413339632:\n",
    "        color_map.append('tan')\n",
    "    elif node==59841243:\n",
    "        color_map.append('tan')\n",
    "    elif node==1978206250:\n",
    "        color_map.append('tan')\n",
    "    elif node==1978206256:\n",
    "        color_map.append('tan')\n",
    "    elif node==314947099:\n",
    "        color_map.append('tan')\n",
    "    elif node==314947113:\n",
    "        color_map.append('tan')\n",
    "    elif node==314947102:\n",
    "        color_map.append('tan')\n",
    "    elif node==1714279093:\n",
    "        color_map.append('tan')\n",
    "    elif node==1714279046:\n",
    "        color_map.append('tan')\n",
    "    elif node==1714279047:\n",
    "        color_map.append('tan')\n",
    "    elif node==1714279049:\n",
    "        color_map.append('tan')\n",
    "    elif node==1714279052:\n",
    "        color_map.append('tan')\n",
    "    elif node==1714279051:\n",
    "        color_map.append('tan')\n",
    "    elif node==1714279058:\n",
    "        color_map.append('tan')\n",
    "    elif node==1714279067:\n",
    "        color_map.append('tan')\n",
    "    elif node==1978206287:\n",
    "        color_map.append('tan')\n",
    "    elif node==1978206324:\n",
    "        color_map.append('tan')\n",
    "    else:\n",
    "        color_map.append('k')\n",
    "#print(len(color_map))\n",
    "#print(East_highway_motorway.number_of_nodes())\n",
    "nx.draw(East_highway_motorway, nodelist=East_highway_motorway.nodes, node_size=50, node_color=color_map)"
   ]
  },
  {
   "cell_type": "code",
   "execution_count": null,
   "id": "26e38e0b",
   "metadata": {
    "scrolled": true
   },
   "outputs": [],
   "source": [
    "# East_highway_motorway.edges"
   ]
  },
  {
   "cell_type": "markdown",
   "id": "cc56e87f",
   "metadata": {},
   "source": [
    "## (3) Get the coordinates of each node"
   ]
  },
  {
   "cell_type": "code",
   "execution_count": null,
   "id": "c9e0d516",
   "metadata": {
    "scrolled": true
   },
   "outputs": [],
   "source": [
    "coordinates={}\n",
    "for (i,d) in East_highway_motorway.nodes(data=True):\n",
    "    coordinates[i]=(d[\"lon\"], d[\"lat\"])"
   ]
  },
  {
   "cell_type": "code",
   "execution_count": null,
   "id": "d890abe0",
   "metadata": {},
   "outputs": [],
   "source": [
    "coordinates"
   ]
  },
  {
   "cell_type": "markdown",
   "id": "25486648",
   "metadata": {},
   "source": [
    "## Use the coordinates to get the diatance matrix for villages in East district, Hsinchu City."
   ]
  },
  {
   "cell_type": "code",
   "execution_count": null,
   "id": "11836f99",
   "metadata": {},
   "outputs": [],
   "source": [
    "lat_long = pd.DataFrame({'LATITUDE': [121.003667, 121.0044473, 121.0043583, 121.009676, 121.0088576, 121.0066285, \n",
    "                                      121.0067684, 121.0055276,121.0045261, 121.0045872, 121.0053015, 121.0074571, \n",
    "                                      121.0077582, 121.0082732, 121.0063313, 121.0062476, 121.005472, 121.0078575, \n",
    "                                      121.0046879, 121.0048262, 121.0036301, 121.0031839, 121.0094441, 121.0084083, \n",
    "                                      121.0100934, 121.0081317, 121.0086235, 121.0066307, 121.0032709, 121.0028194, \n",
    "                                      121.0032242, 121.003853, 121.0038499, 121.003221, 121.0038509, 121.0043004, \n",
    "                                      121.0028032, 121.0053441, 121.0101845, 121.0090813, 121.0069632, 121.009764, \n",
    "                                      121.0062905, 121.0071676, 121.0052975, 121.0086998, 121.0080639], \n",
    "                         'LONGITUDE': [24.7768238, 24.7866504, 24.7869458, 24.8047102, 24.8010811, 24.7929114, 24.7935742,\n",
    "                                       24.7914947, 24.7884144, 24.7910325, 24.7904898, 24.7954034, 24.7966884, 24.7988829, \n",
    "                                       24.7896862, 24.7889482, 24.7895001, 24.7953315, 24.7908094, 24.7899693, 24.7845537,\n",
    "                                       24.7822091, 24.801035, 24.7965816, 24.7967764, 24.7979396, 24.7975487, 24.7986523, \n",
    "                                       24.7771419, 24.7763116, 24.7785664, 24.7785771, 24.7786644, 24.7786499, 24.7802803,\n",
    "                                       24.7812177, 24.7816495, 24.7905033, 24.7969331, 24.7987727, 24.7983888, 24.8042295,\n",
    "                                       24.7887926, 24.7891221, 24.7903819, 24.7976513, 24.7978206]})\n"
   ]
  },
  {
   "cell_type": "code",
   "execution_count": null,
   "id": "a5fbb68c",
   "metadata": {},
   "outputs": [],
   "source": [
    "def dist(x, y):\n",
    "    \"\"\"Function to compute the distance between two points x, y\"\"\"\n",
    "\n",
    "    lat1 = radians(x[0])\n",
    "    lon1 = radians(x[1])\n",
    "    lat2 = radians(y[0])\n",
    "    lon2 = radians(y[1])\n",
    "\n",
    "    R = 6373.0\n",
    "\n",
    "    dlon = lon2 - lon1\n",
    "    dlat = lat2 - lat1\n",
    "\n",
    "    a = sin(dlat / 2) ** 2 + cos(lat1) * cos(lat2) * sin(dlon / 2) ** 2\n",
    "    c = 2 * atan2(sqrt(a), sqrt(1 - a))\n",
    "\n",
    "    distance = R * c\n",
    "\n",
    "    return round(distance, 4)\n",
    "\n",
    "\n",
    "distances = pdist(lat_long.values, metric=dist)"
   ]
  },
  {
   "cell_type": "code",
   "execution_count": null,
   "id": "21693b52",
   "metadata": {
    "scrolled": false
   },
   "outputs": [],
   "source": [
    "dist = squareform(distances)\n",
    "numpy.set_printoptions(threshold=sys.maxsize, suppress=True)\n",
    "print(dist)"
   ]
  },
  {
   "cell_type": "code",
   "execution_count": null,
   "id": "0c5b4ac0",
   "metadata": {},
   "outputs": [],
   "source": [
    "big_dist = dist * 10000\n",
    "print(big_dist)"
   ]
  },
  {
   "cell_type": "markdown",
   "id": "72797900",
   "metadata": {},
   "source": [
    "## (4) Get the undirected network for villages in East district, Hsinchu City"
   ]
  },
  {
   "cell_type": "code",
   "execution_count": null,
   "id": "b8ccea6e",
   "metadata": {},
   "outputs": [],
   "source": [
    "MATRIX_SIZE = len(dist)\n",
    "distance_pairs = []\n",
    "for i in range(MATRIX_SIZE):\n",
    "    for j in range(MATRIX_SIZE):\n",
    "          distance_pairs.append((\"{}  {}  {}\" .format(i, j, dist[i][j] )))\n",
    "        \n",
    "print(distance_pairs)"
   ]
  },
  {
   "cell_type": "code",
   "execution_count": null,
   "id": "e841fdb0",
   "metadata": {},
   "outputs": [],
   "source": [
    "[(0,0,0.0), (0,1,0.5697), (0,2,0.585), (0,3,1.732), (0,4,1.505), (0,5,0.9788), (0,6,1.0199), (0,7,0.8657), \n",
    " (0,8,0.6709), (0,9,0.8205), (0,10,0.8038), (0,11,1.145), (0,12,1.2258), (0,13,1.3638), (0,14,0.7943), (0,15,0.7516), \n",
    " (0,16,0.7535), (0,17,1.1584), (0,18,0.8093), (0,19,0.7641), (0,20,0.4429), (0,21,0.3132), (0,22,1.5289), \n",
    " (0,23,1.2489), (0,24,1.3483), (0,25,1.3078), (0,26,1.3092), (0,27,1.2934), (0,28,0.0477), (0,29,0.0987), \n",
    " (0,30,0.1113), (0,31,0.1026), (0,32,0.1074), (0,33,0.1158), (0,34,0.1991), (0,35,0.2614), (0,36,0.2927), \n",
    " (0,37,0.8057), (0,38,1.3613), (0,39,1.3944), (0,40,1.2888), (0,41,1.7105), (0,42,0.7453), (0,43,0.8051), \n",
    " (0,44,0.7977), (0,45,1.3181), (0,46,1.2987), (1,0,0.5697), (1,1,0.0), (1,2,0.0196), (1,3,1.187), (1,4,0.9614), \n",
    " (1,5,0.4331), (1,6,0.4733), (1,7,0.3025), (1,8,0.1014), (1,9,0.2516), (1,10,0.2396), (1,11,0.603), (1,12,0.683), \n",
    " (1,13,0.82), (1,14,0.2723), (1,15,0.2397), (1,16,0.1991), (1,17,0.6255), (1,18,0.2398), (1,19,0.1948), (1,20,0.1506),\n",
    " (1,21,0.2907), (1,22,0.9941), (1,23,0.7197), (1,24,0.855), (1,25,0.7657), (1,26,0.7783), (1,27,0.7293), (1,28,0.5603),\n",
    " (1,29,0.6194), (1,30,0.4827), (1,31,0.4673), (1,32,0.4624), (1,33,0.4782), (1,34,0.371), (1,35,0.3117), (1,36,0.3399),\n",
    " (1,37,0.2422), (1,38,0.8686), (1,39,0.8649), (1,40,0.7285), (1,41,1.168), (1,42,0.239), (1,43,0.3341), (1,44,0.2338),\n",
    " (1,45,0.7881), (1,46,0.756), (2,0,0.585), (2,1,0.0196), (2,2,0.0), (2,3,1.1773), (2,4,0.9521), (2,5,0.425), \n",
    " (2,6,0.4649), (2,7,0.2913), (2,8,0.0862), (2,9,0.2355), (2,10,0.2286), (2,11,0.5947), (2,12,0.6743), (2,13,0.8108), \n",
    " (2,14,0.2698), (2,15,0.2394), (2,16,0.1917), (2,17,0.6183), (2,18,0.2244), (2,19,0.1809), (2,20,0.1592), \n",
    " (2,21,0.3012), (2,22,0.9858), (2,23,0.7126), (2,24,0.851), (2,25,0.7569), (2,26,0.7708), (2,27,0.7168), (2,28,0.5746),\n",
    " (2,29,0.6329), (2,30,0.4964), (2,31,0.4828), (2,32,0.4778), (2,33,0.4919), (2,34,0.386), (2,35,0.3283), (2,36,0.3493),\n",
    " (2,37,0.2315), (2,38,0.8646), (2,39,0.8574), (2,40,0.7168), (2,41,1.1586), (2,42,0.2396), (2,43,0.3364), \n",
    " (2,44,0.2229), (2,45,0.7807), (2,46,0.7471), (3,0,1.732), (3,1,1.187), (3,2,1.1773), (3,3,0.0), (3,4,0.227), \n",
    " (3,5,0.7563), (3,6,0.7154), (3,7,0.8868), (3,8,1.0954), (3,9,0.9668), (3,10,0.9491), (3,11,0.5876), (3,12,0.5068),\n",
    " (3,13,0.3686), (3,14,0.9378), (3,15,0.9804), (3,16,0.9891), (3,17,0.5742), (3,18,0.9707), (3,19,1.0022), \n",
    " (3,20,1.3365), (3,21,1.4777), (3,22,0.2122), (3,23,0.4867), (3,24,0.457), (3,25,0.4243), (3,26,0.4267), (3,27,0.485),\n",
    " (3,28,1.7328), (3,29,1.797), (3,30,1.661), (3,31,1.6315), (3,32,1.627), (3,33,1.6569), (3,34,1.5425), (3,35,1.4729), \n",
    " (3,36,1.5265), (3,37,0.946), (3,38,0.4492), (3,39,0.3466), (3,40,0.4714), (3,41,0.0292), (3,42,0.9868), (3,43,0.9358),\n",
    " (3,44,0.9546), (3,45,0.4188), (3,46,0.4336), (4,0,1.505), (4,1,0.9614), (4,2,0.9521), (4,3,0.227), (4,4,0.0), \n",
    " (4,5,0.5297), (4,6,0.4889), (4,7,0.6625), (4,8,0.8711), (4,9,0.7464), (4,10,0.7244), (4,11,0.3607), (4,12,0.2798), \n",
    " (4,13,0.1417), (4,14,0.7108), (4,15,0.7534), (4,16,0.763), (4,17,0.3477), (4,18,0.7493), (4,19,0.7788), (4,20,1.1112),\n",
    " (4,21,1.252), (4,22,0.0653), (4,23,0.2626), (4,24,0.2824), (4,25,0.1973), (4,26,0.2041), (4,27,0.2841), (4,28,1.5059),\n",
    " (4,29,1.5701), (4,30,1.4342), (4,31,1.4045), (4,32,1.4), (4,33,1.43), (4,34,1.3155), (4,35,1.2459), (4,36,1.3012), \n",
    " (4,37,0.7212), (4,38,0.2798), (4,39,0.1346), (4,40,0.2612), (4,41,0.2067), (4,42,0.7598), (4,43,0.7106), \n",
    " (4,44,0.7298), (4,45,0.1973), (4,46,0.2066), (5,0,0.9788), (5,1,0.4331), (5,2,0.425), (5,3,0.7563), (5,4,0.5297), \n",
    " (5,5,0.0), (5,6,0.041), (5,7,0.1469), (5,8,0.348), (5,9,0.2513), (5,10,0.2026), (5,11,0.17), (5,12,0.2503), \n",
    " (5,13,0.388), (5,14,0.1877), (5,15,0.231), (5,16,0.234), (5,17,0.1947), (5,18,0.2472), (5,19,0.2619), (5,20,0.5836), \n",
    " (5,21,0.7231), (5,22,0.561), (5,23,0.2888), (5,24,0.4445), (5,25,0.3331), (5,26,0.3462), (5,27,0.3289), (5,28,0.9777),\n",
    " (5,29,1.0412), (5,30,0.9049), (5,31,0.8774), (5,32,0.8728), (5,33,0.9007), (5,34,0.7869), (5,35,0.7183), \n",
    " (5,36,0.7729), (5,37,0.1986), (5,38,0.4578), (5,39,0.4327), (5,40,0.316), (5,41,0.7364), (5,42,0.239), (5,43,0.2253),\n",
    " (5,44,0.2072), (5,45,0.3562), (5,46,0.3234), (6,0,1.0199), (6,1,0.4733), (6,2,0.4649), (6,3,0.7154), (6,4,0.4889), \n",
    " (6,5,0.041), (6,6,0.0), (6,7,0.1823), (6,8,0.3868), (6,9,0.283), (6,10,0.2405), (6,11,0.1298), (6,12,0.2097), \n",
    " (6,13,0.3472), (6,14,0.228), (6,15,0.2713), (6,16,0.2744), (6,17,0.1575), (6,18,0.2804), (6,19,0.2989), (6,20,0.6237),\n",
    " (6,21,0.7635), (6,22,0.5209), (6,23,0.2509), (6,24,0.4129), (6,25,0.2925), (6,26,0.3073), (6,27,0.2914), \n",
    " (6,28,1.0187), (6,29,1.0822), (6,30,0.9459), (6,31,0.9184), (6,32,0.9139), (6,33,0.9417), (6,34,0.8279), \n",
    " (6,35,0.7593), (6,36,0.8132), (6,37,0.2368), (6,38,0.4259), (6,39,0.3936), (6,40,0.2767), (6,41,0.6956), \n",
    " (6,42,0.2791), (6,43,0.2589), (6,44,0.2454), (6,45,0.3174), (6,46,0.2828), (7,0,0.8657), (7,1,0.3025), (7,2,0.2913), \n",
    " (7,3,0.8868), (7,4,0.6625), (7,5,0.1469), (7,6,0.1823), (7,7,0.0), (7,8,0.2087), (7,9,0.1079), (7,10,0.0628), \n",
    " (7,11,0.3102), (7,12,0.3875), (7,13,0.522), (7,14,0.1369), (7,15,0.1664), (7,16,0.1145), (7,17,0.3398), (7,18,0.1013),\n",
    " (7,19,0.1172), (7,20,0.4502), (7,21,0.5925), (7,22,0.699), (7,23,0.4332), (7,24,0.5912), (7,25,0.4693), (7,26,0.4888),\n",
    " (7,27,0.4281), (7,28,0.8598), (7,29,0.9206), (7,30,0.7838), (7,31,0.7632), (7,32,0.7584), (7,33,0.7794), \n",
    " (7,34,0.6691), (7,35,0.6044), (7,36,0.6403), (7,37,0.0604), (7,38,0.6045), (7,39,0.5746), (7,40,0.4261), \n",
    " (7,41,0.8686), (7,42,0.1766), (7,43,0.2275), (7,44,0.0687), (7,45,0.4989), (7,46,0.4593), (8,0,0.6709), (8,1,0.1014),\n",
    " (8,2,0.0862), (8,3,1.0954), (8,4,0.8711), (8,5,0.348), (8,6,0.3868), (8,7,0.2087), (8,8,0.0), (8,9,0.1502), \n",
    " (8,10,0.1469), (8,11,0.5164), (8,12,0.595), (8,13,0.7304), (8,14,0.2136), (8,15,0.1939), (8,16,0.1222), (8,17,0.5426),\n",
    " (8,18,0.1384), (8,19,0.0951), (8,20,0.2426), (8,21,0.3856), (8,22,0.9067), (8,23,0.6368), (8,24,0.783), (8,25,0.6773), \n",
    " (8,26,0.694), (8,27,0.6316), (8,28,0.6608), (8,29,0.7189), (8,30,0.5825), (8,31,0.5686), (8,32,0.5637), (8,33,0.578), \n",
    " (8,34,0.4721), (8,35,0.4131), (8,36,0.4324), (8,37,0.1503), (8,38,0.7965), (8,39,0.7804), (8,40,0.6325), \n",
    " (8,41,1.0773), (8,42,0.1974), (8,43,0.2966), (8,44,0.1417), (8,45,0.704), (8,46,0.6673), (9,0,0.8205), (9,1,0.2516), \n",
    " (9,2,0.2355), (9,3,0.9668), (9,4,0.7464), (9,5,0.2513), (9,6,0.283), (9,7,0.1079), (9,8,0.1502), (9,9,0.0), \n",
    " (9,10,0.0853), (9,11,0.4057), (9,12,0.479), (9,13,0.6086), (9,14,0.2088), (9,15,0.2199), (9,16,0.1319), (9,17,0.4393),\n",
    " (9,18,0.017), (9,19,0.0665), (9,20,0.3862), (9,21,0.5291), (9,22,0.7876), (9,23,0.5308), (9,24,0.6953), (9,25,0.5586),\n",
    " (9,26,0.5839), (9,27,0.4922), (9,28,0.8092), (9,29,0.866), (9,30,0.7301), (9,31,0.7183), (9,32,0.7134), (9,33,0.7255),\n",
    " (9,34,0.6215), (9,35,0.5632), (9,36,0.573), (9,37,0.0895), (9,38,0.7085), (9,39,0.6683), (9,40,0.4975), (9,41,0.9505),\n",
    " (9,42,0.2288), (9,43,0.3072), (9,44,0.0874), (9,45,0.5942), (9,46,0.5485), (10,0,0.8038), (10,1,0.2396), \n",
    " (10,2,0.2286), (10,3,0.9491), (10,4,0.7244), (10,5,0.2026), (10,6,0.2405), (10,7,0.0628), (10,8,0.1469), \n",
    " (10,9,0.0853), (10,10,0.0), (10,11,0.3698), (10,12,0.4481), (10,13,0.5836), (10,14,0.1235), (10,15,0.1374), \n",
    " (10,16,0.0598), (10,17,0.3972), (10,18,0.0707), (10,19,0.0607), (10,20,0.3876), (10,21,0.5297), (10,22,0.7599), \n",
    " (10,23,0.4912), (10,24,0.6433), (10,25,0.5304), (10,26,0.5478), (10,27,0.4905), (10,28,0.7974), (10,29,0.858), \n",
    " (10,30,0.7212), (10,31,0.7013), (10,32,0.6965), (10,33,0.7167), (10,34,0.6068), (10,35,0.5428), (10,36,0.5777), \n",
    " (10,37,0.0048), (10,38,0.6567), (10,39,0.634), (10,40,0.4889), (10,41,0.9307), (10,42,0.1468), (10,43,0.2219), \n",
    " (10,44,0.0062), (10,45,0.5579), (10,46,0.5204), (11,0,1.145), (11,1,0.603), (11,2,0.5947), (11,3,0.5876), \n",
    " (11,4,0.3607), (11,5,0.17), (11,6,0.1298), (11,7,0.3102), (11,8,0.5164), (11,9,0.4057), (11,10,0.3698), (11,11,0.0), \n",
    " (11,12,0.0809), (11,13,0.2191), (11,14,0.3507), (11,15,0.3936), (11,16,0.4039), (11,17,0.0447), (11,18,0.4052), \n",
    " (11,19,0.4273), (11,20,0.7534), (11,21,0.893), (11,22,0.3911), (11,23,0.1255), (11,24,0.3036), (11,25,0.1636), \n",
    " (11,26,0.1787), (11,27,0.2076), (11,28,1.1453), (11,29,1.2094), (11,30,1.0735), (11,31,1.0441), (11,32,1.0396), \n",
    " (11,33,1.0693), (11,34,0.9548), (11,35,0.8854), (11,36,0.9429), (11,37,0.3662), (11,38,0.3158), (11,39,0.2644), \n",
    " (11,40,0.1797), (11,41,0.5671), (11,42,0.4004), (11,43,0.3614), (11,44,0.3748), (11,45,0.1889), (11,46,0.1541), \n",
    " (12,0,1.2258), (12,1,0.683), (12,2,0.6743), (12,3,0.5068), (12,4,0.2798), (12,5,0.2503), (12,6,0.2097), (12,7,0.3875),\n",
    " (12,8,0.595), (12,9,0.479), (12,10,0.4481), (12,11,0.0809), (12,12,0.0), (12,13,0.1382), (12,14,0.4315), \n",
    " (12,15,0.4743), (12,16,0.4841), (12,17,0.0785), (12,18,0.4797), (12,19,0.5046), (12,20,0.8332), (12,21,0.9732), \n",
    " (12,22,0.3118), (12,23,0.0726), (12,24,0.2598), (12,25,0.0829), (12,26,0.1081), (12,27,0.1685), (12,28,1.2261), \n",
    " (12,29,1.2903), (12,30,1.1543), (12,31,1.125), (12,32,1.1205), (12,33,1.1502), (12,34,1.0357), (12,35,0.9663), \n",
    " (12,36,1.0229), (12,37,0.4446), (12,38,0.2702), (12,39,0.1895), (12,40,0.1316), (12,41,0.4863), (12,42,0.481), \n",
    " (12,43,0.4385), (12,44,0.4533), (12,45,0.1184), (12,46,0.0732), (13,0,1.3638), (13,1,0.82), (13,2,0.8108), \n",
    " (13,3,0.3686), (13,4,0.1417), (13,5,0.388), (13,6,0.3472), (13,7,0.522), (13,8,0.7304), (13,9,0.6086), (13,10,0.5836),\n",
    " (13,11,0.2191), (13,12,0.1382), (13,13,0.0), (13,14,0.5695), (13,15,0.6122), (13,16,0.6214), (13,17,0.2087), \n",
    " (13,18,0.6108), (13,19,0.6386), (13,20,0.97), (13,21,1.1105), (13,22,0.1794), (13,23,0.1327), (13,24,0.2357), \n",
    " (13,25,0.0563), (13,26,0.0858), (13,27,0.1832), (13,28,1.3643), (13,29,1.4285), (13,30,1.2925), (13,31,1.2631), \n",
    " (13,32,1.2586), (13,33,1.2883), (13,34,1.1739), (13,35,1.1044), (13,36,1.1598), (13,37,0.5802), (13,38,0.2402), \n",
    " (13,39,0.0901), (13,40,0.1484), (13,41,0.3484), (13,42,0.6188), (13,43,0.5727), (13,44,0.5889), (13,45,0.085), \n",
    " (13,46,0.0652), (14,0,0.7943), (14,1,0.2723), (14,2,0.2698), (14,3,0.9378), (14,4,0.7108), (14,5,0.1877), \n",
    " (14,6,0.228), (14,7,0.1369), (14,8,0.2136), (14,9,0.2088), (14,10,0.1235), (14,11,0.3507), (14,12,0.4315), \n",
    " (14,13,0.5695), (14,14,0.0), (14,15,0.0433), (14,16,0.0962), (14,17,0.3653), (14,18,0.1938), (14,19,0.1682), \n",
    " (14,20,0.4204), (14,21,0.5533), (14,22,0.7367), (14,23,0.4577), (14,24,0.5832), (14,25,0.5136), (14,26,0.5177), \n",
    " (14,27,0.5148), (14,28,0.7953), (14,29,0.8601), (14,30,0.7248), (14,31,0.6936), (14,32,0.6892), (14,33,0.7208), \n",
    " (14,34,0.6054), (14,35,0.5352), (14,36,0.605), (14,37,0.1194), (14,38,0.5968), (14,39,0.6039), (14,40,0.5036), \n",
    " (14,41,0.9167), (14,42,0.0514), (14,43,0.0985), (14,44,0.1217), (14,45,0.527), (14,46,0.5044), (15,0,0.7516), \n",
    " (15,1,0.2397), (15,2,0.2394), (15,3,0.9804), (15,4,0.7534), (15,5,0.231), (15,6,0.2713), (15,7,0.1664), (15,8,0.1939),\n",
    " (15,9,0.2199), (15,10,0.1374), (15,11,0.3936), (15,12,0.4743), (15,13,0.6122), (15,14,0.0433), (15,15,0.0), \n",
    " (15,16,0.0919), (15,17,0.4072), (15,18,0.2036), (15,19,0.1686), (15,20,0.3849), (15,21,0.515), (15,22,0.7785), \n",
    " (15,23,0.4991), (15,24,0.6198), (15,25,0.5562), (15,26,0.5592), (15,27,0.5577), (15,28,0.7531), (15,29,0.8183), \n",
    " (15,30,0.6833), (15,31,0.6512), (15,32,0.6468), (15,33,0.6793), (15,34,0.5637), (15,35,0.493), (15,36,0.5671), \n",
    " (15,37,0.1343), (15,38,0.6333), (15,39,0.6452), (15,40,0.5468), (15,41,0.959), (15,42,0.0101), (15,43,0.1028), \n",
    " (15,44,0.1339), (15,45,0.5684), (15,46,0.5471), (16,0,0.7535), (16,1,0.1991), (16,2,0.1917), (16,3,0.9891), \n",
    " (16,4,0.763), (16,5,0.234), (16,6,0.2744), (16,7,0.1145), (16,8,0.1222), (16,9,0.1319), (16,10,0.0598), \n",
    " (16,11,0.4039), (16,12,0.4841), (16,13,0.6214), (16,14,0.0962), (16,15,0.0919), (16,16,0.0), (16,17,0.4267), \n",
    " (16,18,0.115), (16,19,0.0767), (16,20,0.3497), (16,21,0.4892), (16,22,0.795), (16,23,0.5209), (16,24,0.6619), \n",
    " (16,25,0.5669), (16,26,0.5793), (16,27,0.54), (16,28,0.7492), (16,29,0.8112), (16,30,0.6745), (16,31,0.6512), \n",
    " (16,32,0.6465), (16,33,0.6702), (16,34,0.5582), (16,35,0.4921), (16,36,0.5389), (16,37,0.0592), (16,38,0.6754), \n",
    " (16,39,0.6659), (16,40,0.5356), (16,41,0.9697), (16,42,0.0997), (16,43,0.1898), (16,44,0.0541), (16,45,0.5891), \n",
    " (16,46,0.5571), (17,0,1.1584), (17,1,0.6255), (17,2,0.6183), (17,3,0.5742), (17,4,0.3477), (17,5,0.1947), \n",
    " (17,6,0.1575), (17,7,0.3398), (17,8,0.5426), (17,9,0.4393), (17,10,0.3972), (17,11,0.0447), (17,12,0.0785), \n",
    " (17,13,0.2087), (17,14,0.3653), (17,15,0.4072), (17,16,0.4267), (17,17,0.0), (17,18,0.4375), (17,19,0.4562), \n",
    " (17,20,0.7762), (17,21,0.9141), (17,22,0.3714), (17,23,0.0943), (17,24,0.2621), (17,25,0.1525), (17,26,0.153), \n",
    " (17,27,0.2342), (17,28,1.1604), (17,29,1.2254), (17,30,1.0901), (17,31,1.0583), (17,32,1.0539), (17,33,1.0861), \n",
    " (17,34,0.9707), (17,35,0.9003), (17,36,0.9647), (17,37,0.3933), (17,38,0.2746), (17,39,0.2396), (17,40,0.2015), \n",
    " (17,41,0.5522), (17,42,0.4132), (17,43,0.364), (17,44,0.4019), (17,45,0.1626), (17,46,0.1445), (18,0,0.8093), \n",
    " (18,1,0.2398), (18,2,0.2244), (18,3,0.9707), (18,4,0.7493), (18,5,0.2472), (18,6,0.2804), (18,7,0.1013), \n",
    " (18,8,0.1384), (18,9,0.017), (18,10,0.0707), (18,11,0.4052), (18,12,0.4797), (18,13,0.6108), (18,14,0.1938), \n",
    " (18,15,0.2036), (18,16,0.115), (18,17,0.4375), (18,18,0.0), (18,19,0.0505), (18,20,0.3772), (18,21,0.5204), \n",
    " (18,22,0.7894), (18,23,0.5297), (18,24,0.6917), (18,25,0.56), (18,26,0.5837), (18,27,0.4986), (18,28,0.7988), \n",
    " (18,29,0.8562), (18,30,0.7201), (18,31,0.707), (18,32,0.7021), (18,33,0.7155), (18,34,0.6104), (18,35,0.5512), \n",
    " (18,36,0.5651), (18,37,0.0751), (18,38,0.7049), (18,39,0.6686), (18,40,0.5026), (18,41,0.954), (18,42,0.2124), \n",
    " (18,43,0.2923), (18,44,0.0721), (18,45,0.594), (18,46,0.5499), (19,0,0.7641), (19,1,0.1948), (19,2,0.1809), \n",
    " (19,3,1.0022), (19,4,0.7788), (19,5,0.2619), (19,6,0.2989), (19,7,0.1172), (19,8,0.0951), (19,9,0.0665), \n",
    " (19,10,0.0607), (19,11,0.4273), (19,12,0.5046), (19,13,0.6386), (19,14,0.1682), (19,15,0.1686), (19,16,0.0767), \n",
    " (19,17,0.4562), (19,18,0.0505), (19,19,0.0), (19,20,0.3376), (19,21,0.4807), (19,22,0.816), (19,23,0.5498), \n",
    " (19,24,0.7038), (19,25,0.5863), (19,26,0.6058), (19,27,0.5365), (19,28,0.755), (19,29,0.8137), (19,30,0.6772), \n",
    " (19,31,0.6616), (19,32,0.6568), (19,33,0.6727), (19,34,0.5656), (19,35,0.5048), (19,36,0.5271), (19,37,0.0652), \n",
    " (19,38,0.7172), (19,39,0.6917), (19,40,0.5378), (19,41,0.9845), (19,42,0.1763), (19,43,0.2649), (19,44,0.0575), \n",
    " (19,45,0.6159), (19,46,0.5763), (20,0,0.4429), (20,1,0.1506), (20,2,0.1592), (20,3,1.3365), (20,4,1.1112), \n",
    " (20,5,0.5836), (20,6,0.6237), (20,7,0.4502), (20,8,0.2426), (20,9,0.3862), (20,10,0.3876), (20,11,0.7534), \n",
    " (20,12,0.8332), (20,13,0.97), (20,14,0.4204), (20,15,0.3849), (20,16,0.3497), (20,17,0.7762), (20,18,0.3772), \n",
    " (20,19,0.3376), (20,20,0.0), (20,21,0.1432), (20,22,1.1446), (20,23,0.8703), (20,24,1.0037), (20,25,0.916), \n",
    " (20,26,0.9289), (20,27,0.874), (20,28,0.4265), (20,29,0.4807), (20,30,0.346), (20,31,0.3433), (20,32,0.3383), \n",
    " (20,33,0.3413), (20,34,0.2461), (20,35,0.2052), (20,36,0.1901), (20,37,0.3906), (20,38,1.0172), (20,39,1.0156), \n",
    " (20,40,0.8751), (20,41,1.3178), (20,42,0.3828), (20,43,0.4726), (20,44,0.382), (20,45,0.9387), (20,46,0.9061), \n",
    " (21,0,0.3132), (21,1,0.2907), (21,2,0.3012), (21,3,1.4777), (21,4,1.252), (21,5,0.7231), (21,6,0.7635), \n",
    " (21,7,0.5925), (21,8,0.3856), (21,9,0.5291), (21,10,0.5297), (21,11,0.893), (21,12,0.9732), (21,13,1.1105), \n",
    " (21,14,0.5533), (21,15,0.515), (21,16,0.4892), (21,17,0.9141), (21,18,0.5204), (21,19,0.4807), (21,20,0.1432), \n",
    " (21,21,0.0), (21,22,1.2839), (21,23,1.0079), (21,24,1.1346), (21,25,1.056), (21,26,1.067), (21,27,1.0171), \n",
    " (21,28,0.2905), (21,29,0.3403), (21,30,0.2087), (21,31,0.221), (21,32,0.2162), (21,33,0.204), (21,34,0.1331), \n",
    " (21,35,0.1366), (21,36,0.0531), (21,37,0.5325), (21,38,1.1481), (21,39,1.1537), (21,40,1.0179), (21,41,1.4586), \n",
    " (21,42,0.5116), (21,43,0.5943), (21,44,0.524), (21,45,1.0767), (21,46,1.0463), (22,0,1.5289), (22,1,0.9941), \n",
    " (22,2,0.9858), (22,3,0.2122), (22,4,0.0653), (22,5,0.561), (22,6,0.5209), (22,7,0.699), (22,8,0.9067), (22,9,0.7876),\n",
    " (22,10,0.7599), (22,11,0.3911), (22,12,0.3118), (22,13,0.1794), (22,14,0.7367), (22,15,0.7785), (22,16,0.795), \n",
    " (22,17,0.3714), (22,18,0.7894), (22,19,0.816), (22,20,1.1446), (22,21,1.2839), (22,22,0.0), (22,23,0.28), \n",
    " (22,24,0.2545), (22,25,0.2297), (22,26,0.2196), (22,27,0.3414), (22,28,1.5316), (22,29,1.5968), (22,30,1.4615), \n",
    " (22,31,1.4292), (22,32,1.4249), (22,33,1.4575), (22,34,1.3421), (22,35,1.2715), (22,36,1.3339), (22,37,0.7564), \n",
    " (22,38,0.2491), (22,39,0.1358), (22,40,0.3149), (22,41,0.1865), (22,42,0.7843), (22,43,0.7281), (22,44,0.7651), \n",
    " (22,45,0.2108), (22,46,0.2398), (23,0,1.2489), (23,1,0.7197), (23,2,0.7126), (23,3,0.4867), (23,4,0.2626), \n",
    " (23,5,0.2888), (23,6,0.2509), (23,7,0.4332), (23,8,0.6368), (23,9,0.5308), (23,10,0.4912), (23,11,0.1255), \n",
    " (23,12,0.0726), (23,13,0.1327), (23,14,0.4577), (23,15,0.4991), (23,16,0.5209), (23,17,0.0943), (23,18,0.5297), \n",
    " (23,19,0.5498), (23,20,0.8703), (23,21,1.0079), (23,22,0.28), (23,23,0.0), (23,24,0.1878), (23,25,0.0837), \n",
    " (23,26,0.0604), (23,27,0.2306), (23,28,1.2519), (23,29,1.3173), (23,30,1.1824), (23,31,1.1493), (23,32,1.145), \n",
    " (23,33,1.1784), (23,34,1.0627), (23,35,0.9918), (23,36,1.0586), (23,37,0.4873), (23,38,0.1986), (23,39,0.1462), \n",
    " (23,40,0.1912), (23,41,0.4635), (23,42,0.5047), (23,43,0.4492), (23,44,0.4959), (23,45,0.0693), (23,46,0.0807), \n",
    " (24,0,1.3483), (24,1,0.855), (24,2,0.851), (24,3,0.457), (24,4,0.2824), (24,5,0.4445), (24,6,0.4129), (24,7,0.5912), \n",
    " (24,8,0.783), (24,9,0.6953), (24,10,0.6433), (24,11,0.3036), (24,12,0.2598), (24,13,0.2357), (24,14,0.5832), \n",
    " (24,15,0.6198), (24,16,0.6619), (24,17,0.2621), (24,18,0.6917), (24,19,0.7038), (24,20,1.0037), (24,21,1.1346), \n",
    " (24,22,0.2545), (24,23,0.1878), (24,24,0.0), (24,25,0.2282), (24,26,0.1694), (24,27,0.3999), (24,28,1.357), \n",
    " (24,29,1.4246), (24,30,1.2932), (24,31,1.2527), (24,32,1.2487), (24,33,1.2896), (24,34,1.1728), (24,35,1.1), \n",
    " (24,36,1.1869), (24,37,0.639), (24,38,0.0135), (24,39,0.1605), (24,40,0.3602), (24,41,0.4287), (24,42,0.6231), \n",
    " (24,43,0.5462), (24,44,0.6472), (24,45,0.1629), (24,46,0.2335), (25,0,1.3078), (25,1,0.7657), (25,2,0.7569), \n",
    " (25,3,0.4243), (25,4,0.1973), (25,5,0.3331), (25,6,0.2925), (25,7,0.4693), (25,8,0.6773), (25,9,0.5586), \n",
    " (25,10,0.5304), (25,11,0.1636), (25,12,0.0829), (25,13,0.0563), (25,14,0.5136), (25,15,0.5562), (25,16,0.5669), \n",
    " (25,17,0.1525), (25,18,0.56), (25,19,0.5863), (25,20,0.916), (25,21,1.056), (25,22,0.2297), (25,23,0.0837), \n",
    " (25,24,0.2282), (25,25,0.0), (25,26,0.0591), (25,27,0.1719), (25,28,1.3086), (25,29,1.3729), (25,30,1.237), \n",
    " (25,31,1.2072), (25,32,1.2027), (25,33,1.2328), (25,34,1.1183), (25,35,1.0486), (25,36,1.1056), (25,37,0.527), \n",
    " (25,38,0.2355), (25,39,0.1159), (25,40,0.1325), (25,41,0.4036), (25,42,0.5627), (25,43,0.5165), (25,44,0.5356), \n",
    " (25,45,0.0653), (25,46,0.0102), (26,0,1.3092), (26,1,0.7783), (26,2,0.7708), (26,3,0.4267), (26,4,0.2041), \n",
    " (26,5,0.3462), (26,6,0.3073), (26,7,0.4888), (26,8,0.694), (26,9,0.5839), (26,10,0.5478), (26,11,0.1787), \n",
    " (26,12,0.1081), (26,13,0.0858), (26,14,0.5177), (26,15,0.5592), (26,16,0.5793), (26,17,0.153), (26,18,0.5837), \n",
    " (26,19,0.6058), (26,20,0.9289), (26,21,1.067), (26,22,0.2196), (26,23,0.0604), (26,24,0.1694), (26,25,0.0591), \n",
    " (26,26,0.0), (26,27,0.2305), (26,28,1.3121), (26,29,1.3775), (26,30,1.2424), (26,31,1.2096), (26,32,1.2053), \n",
    " (26,33,1.2384), (26,34,1.1229), (26,35,1.0521), (26,36,1.1176), (26,37,0.5441), (26,38,0.1772), (26,39,0.0867), \n",
    " (26,40,0.1908), (26,41,0.4033), (26,42,0.5649), (26,43,0.5093), (26,44,0.5527), (26,45,0.0103), (26,46,0.0642), \n",
    " (27,0,1.2934), (27,1,0.7293), (27,2,0.7168), (27,3,0.485), (27,4,0.2841), (27,5,0.3289), (27,6,0.2914), (27,7,0.4281),\n",
    " (27,8,0.6316), (27,9,0.4922), (27,10,0.4905), (27,11,0.2076), (27,12,0.1685), (27,13,0.1832), (27,14,0.5148), \n",
    " (27,15,0.5577), (27,16,0.54), (27,17,0.2342), (27,18,0.4986), (27,19,0.5365), (27,20,0.874), (27,21,1.0171), \n",
    " (27,22,0.3414), (27,23,0.2306), (27,24,0.3999), (27,25,0.1719), (27,26,0.2305), (27,27,0.0), (27,28,1.2879), \n",
    " (27,29,1.3484), (27,30,1.2116), (27,31,1.191), (27,32,1.1863), (27,33,1.2072), (27,34,1.0971), (27,35,1.032), \n",
    " (27,36,1.0631), (27,37,0.4884), (27,38,0.4074), (27,39,0.2727), (27,40,0.0399), (27,41,0.4729), (27,42,0.5662), \n",
    " (27,43,0.5493), (27,44,0.4965), (27,45,0.2372), (27,46,0.1664), (28,0,0.0477), (28,1,0.5603), (28,2,0.5746), \n",
    " (28,3,1.7328), (28,4,1.5059), (28,5,0.9777), (28,6,1.0187), (28,7,0.8598), (28,8,0.6608), (28,9,0.8092), \n",
    " (28,10,0.7974), (28,11,1.1453), (28,12,1.2261), (28,13,1.3643), (28,14,0.7953), (28,15,0.7531), (28,16,0.7492), \n",
    " (28,17,1.1604), (28,18,0.7988), (28,19,0.755), (28,20,0.4265), (28,21,0.2905), (28,22,1.5316), (28,23,1.2519), \n",
    " (28,24,1.357), (28,25,1.3086), (28,26,1.3121), (28,27,1.2879), (28,28,0.0), (28,29,0.0692), (28,30,0.0818), \n",
    " (28,31,0.1047), (28,32,0.1084), (28,33,0.0866), (28,34,0.191), (28,35,0.2601), (28,36,0.2634), (28,37,0.7995), \n",
    " (28,38,1.3702), (28,39,1.3978), (28,40,1.2848), (28,41,1.7119), (28,42,0.7473), (28,43,0.8118), (28,44,0.7914), \n",
    " (28,45,1.3212), (28,46,1.2992), (29,0,0.0987), (29,1,0.6194), (29,2,0.6329), (29,3,1.797), (29,4,1.5701), \n",
    " (29,5,1.0412), (29,6,1.0822), (29,7,0.9206), (29,8,0.7189), (29,9,0.866), (29,10,0.858), (29,11,1.2094), \n",
    " (29,12,1.2903), (29,13,1.4285), (29,14,0.8601), (29,15,0.8183), (29,16,0.8112), (29,17,1.2254), (29,18,0.8562), \n",
    " (29,19,0.8137), (29,20,0.4807), (29,21,0.3403), (29,22,1.5968), (29,23,1.3173), (29,24,1.4246), (29,25,1.3729), \n",
    " (29,26,1.3775), (29,27,1.3484), (29,28,0.0692), (29,29,0.0), (29,30,0.1368), (29,31,0.1734), (29,32,0.1769), \n",
    " (29,33,0.1412), (29,34,0.2547), (29,35,0.3258), (29,36,0.3058), (29,37,0.8602), (29,38,1.4378), (29,39,1.4634), \n",
    " (29,40,1.3463), (29,41,1.7764), (29,42,0.8127), (29,43,0.879), (29,44,0.852), (29,45,1.3867), (29,46,1.3635), \n",
    " (30,0,0.1113), (30,1,0.4827), (30,2,0.4964), (30,3,1.661), (30,4,1.4342), (30,5,0.9049), (30,6,0.9459), \n",
    " (30,7,0.7838), (30,8,0.5825), (30,9,0.7301), (30,10,0.7212), (30,11,1.0735), (30,12,1.1543), (30,13,1.2925), \n",
    " (30,14,0.7248), (30,15,0.6833), (30,16,0.6745), (30,17,1.0901), (30,18,0.7201), (30,19,0.6772), (30,20,0.346), \n",
    " (30,21,0.2087), (30,22,1.4615), (30,23,1.1824), (30,24,1.2932), (30,25,1.237), (30,26,1.2424), (30,27,1.2116), \n",
    " (30,28,0.0818), (30,29,0.1368), (30,30,0.0), (30,31,0.0699), (30,32,0.0698), (30,33,0.0048), (30,34,0.1204), \n",
    " (30,35,0.1934), (30,36,0.1827), (30,37,0.7234), (30,38,1.3065), (30,39,1.3285), (30,40,1.2095), (30,41,1.6405), \n",
    " (30,42,0.678), (30,43,0.7471), (30,44,0.7152), (30,45,1.2517), (30,46,1.2275), (31,0,0.1026), (31,1,0.4673), \n",
    " (31,2,0.4828), (31,3,1.6315), (31,4,1.4045), (31,5,0.8774), (31,6,0.9184), (31,7,0.7632), (31,8,0.5686), \n",
    " (31,9,0.7183), (31,10,0.7013), (31,11,1.0441), (31,12,1.125), (31,13,1.2631), (31,14,0.6936), (31,15,0.6512), \n",
    " (31,16,0.6512), (31,17,1.0583), (31,18,0.707), (31,19,0.6616), (31,20,0.3433), (31,21,0.221), (31,22,1.4292), \n",
    " (31,23,1.1493), (31,24,1.2527), (31,25,1.2072), (31,26,1.2096), (31,27,1.191), (31,28,0.1047), (31,29,0.1734), \n",
    " (31,30,0.0699), (31,31,0.0), (31,32,0.005), (31,33,0.0704), (31,34,0.0976), (31,35,0.1593), (31,36,0.2112), \n",
    " (31,37,0.7032), (31,38,1.2658), (31,39,1.2951), (31,40,1.1867), (31,41,1.6102), (31,42,0.6451), (31,43,0.7078), \n",
    " (31,44,0.6952), (31,45,1.2186), (31,46,1.198), (32,0,0.1074), (32,1,0.4624), (32,2,0.4778), (32,3,1.627), (32,4,1.4),\n",
    " (32,5,0.8728), (32,6,0.9139), (32,7,0.7584), (32,8,0.5637), (32,9,0.7134), (32,10,0.6965), (32,11,1.0396), \n",
    " (32,12,1.1205), (32,13,1.2586), (32,14,0.6892), (32,15,0.6468), (32,16,0.6465), (32,17,1.0539), (32,18,0.7021), \n",
    " (32,19,0.6568), (32,20,0.3383), (32,21,0.2162), (32,22,1.4249), (32,23,1.145), (32,24,1.2487), (32,25,1.2027), \n",
    " (32,26,1.2053), (32,27,1.1863), (32,28,0.1084), (32,29,0.1769), (32,30,0.0698), (32,31,0.005), (32,32,0.0), \n",
    " (32,33,0.07), (32,34,0.0926), (32,35,0.1546), (32,36,0.2069), (32,37,0.6984), (32,38,1.2618), (32,39,1.2908), \n",
    " (32,40,1.182), (32,41,1.6058), (32,42,0.6407), (32,43,0.7037), (32,44,0.6904), (32,45,1.2143), (32,46,1.1935), \n",
    " (33,0,0.1158), (33,1,0.4782), (33,2,0.4919), (33,3,1.6569), (33,4,1.43), (33,5,0.9007), (33,6,0.9417), (33,7,0.7794),\n",
    " (33,8,0.578), (33,9,0.7255), (33,10,0.7167), (33,11,1.0693), (33,12,1.1502), (33,13,1.2883), (33,14,0.7208), \n",
    " (33,15,0.6793), (33,16,0.6702), (33,17,1.0861), (33,18,0.7155), (33,19,0.6727), (33,20,0.3413), (33,21,0.204), \n",
    " (33,22,1.4575), (33,23,1.1784), (33,24,1.2896), (33,25,1.2328), (33,26,1.2384), (33,27,1.2072), (33,28,0.0866), \n",
    " (33,29,0.1412), (33,30,0.0048), (33,31,0.0704), (33,32,0.07), (33,33,0.0), (33,34,0.1168), (33,35,0.1899), \n",
    " (33,36,0.178), (33,37,0.719), (33,38,1.3028), (33,39,1.3245), (33,40,1.2051), (33,41,1.6364), (33,42,0.674), \n",
    " (33,43,0.7435), (33,44,0.7108), (33,45,1.2477), (33,46,1.2234), (34,0,0.1991), (34,1,0.371), (34,2,0.386), \n",
    " (34,3,1.5425), (34,4,1.3155), (34,5,0.7869), (34,6,0.8279), (34,7,0.6691), (34,8,0.4721), (34,9,0.6215), \n",
    " (34,10,0.6068), (34,11,0.9548), (34,12,1.0357), (34,13,1.1739), (34,14,0.6054), (34,15,0.5637), (34,16,0.5582), \n",
    " (34,17,0.9707), (34,18,0.6104), (34,19,0.5656), (34,20,0.2461), (34,21,0.1331), (34,22,1.3421), (34,23,1.0627), \n",
    " (34,24,1.1728), (34,25,1.1183), (34,26,1.1229), (34,27,1.0971), (34,28,0.191), (34,29,0.2547), (34,30,0.1204), \n",
    " (34,31,0.0976), (34,32,0.0926), (34,33,0.1168), (34,34,0.0), (34,35,0.0734), (34,36,0.1405), (34,37,0.6088), \n",
    " (34,38,1.1861), (34,39,1.2088), (34,40,1.0938), (34,41,1.5217), (34,42,0.5581), (34,43,0.6267), (34,44,0.6007), \n",
    " (34,45,1.1321), (34,46,1.1089), (35,0,0.2614), (35,1,0.3117), (35,2,0.3283), (35,3,1.4729), (35,4,1.2459), \n",
    " (35,5,0.7183), (35,6,0.7593), (35,7,0.6044), (35,8,0.4131), (35,9,0.5632), (35,10,0.5428), (35,11,0.8854), \n",
    " (35,12,0.9663), (35,13,1.1044), (35,14,0.5352), (35,15,0.493), (35,16,0.4921), (35,17,0.9003), (35,18,0.5512), \n",
    " (35,19,0.5048), (35,20,0.2052), (35,21,0.1366), (35,22,1.2715), (35,23,0.9918), (35,24,1.1), (35,25,1.0486), \n",
    " (35,26,1.0521), (35,27,1.032), (35,28,0.2601), (35,29,0.3258), (35,30,0.1934), (35,31,0.1593), (35,32,0.1546), \n",
    " (35,33,0.1899), (35,34,0.0734), (35,35,0.0), (35,36,0.1684), (35,37,0.5445), (35,38,1.1132), (35,39,1.1378), \n",
    " (35,40,1.0275), (35,41,1.4519), (35,42,0.4872), (35,43,0.5539), (35,44,0.5367), (35,45,1.0612), (35,46,1.0393), \n",
    " (36,0,0.2927), (36,1,0.3399), (36,2,0.3493), (36,3,1.5265), (36,4,1.3012), (36,5,0.7729), (36,6,0.8132), \n",
